#Covars (covariate phase for each covs - do not alter this line)
# Winter_pH_depthavg # Spring_vNorth_surface5m # Spring_uEast_surface5m # Winter_temp_surface5m # Spring_temp_surface5m # Summer_temp_surface5m # Fall_temp_surface5m # Winter_temp_bottom5m # Spring_temp_bottom5m # Summer_temp_bottom5m # Fall_temp_bottom5m # annual_temp_surface5m # annual_temp_bottom5m # Winter_NE_winds # Spring_NE_winds # Summer_NE_winds # Fall_NE_winds # annual_NE_winds # Summer_fracbelow1 # Summer_fracbelow2 # Spring_PhL_integrated # Spring_PhS_integrated # Winter_oxygen_bottom5m # Spring_oxygen_bottom5m # Summer_oxygen_bottom5m # Fall_oxygen_bottom5m # Winter_Cop_integrated # Spring_Cop_integrated # Summer_Cop_integrated # Fall_Cop_integrated # Winter_EupS_integrated # Spring_EupS_integrated # Summer_EupS_integrated # Fall_EupS_integrated # Winter_NCaS_integrated # Spring_NCaS_integrated # Summer_NCaS_integrated # Fall_NCaS_integrated # Winter_largeZoop_integrated # Spring_largeZoop_integrated # Summer_largeZoop_integrated # Fall_largeZoop_integrated
#nspp2 : 
3
#nTyrs : number years for the zooplankton hindcast data 
45
#hind_years : years for covariates 
1979 1980 1981 1982 1983 1984 1985 1986 1987 1988 1989 1990 1991 1992 1993 1994 1995 1996 1997 1998 1999 2000 2001 2002 2003 2004 2005 2006 2007 2008 2009 2010 2011 2012 2013 2014 2015 2016 2017 2018 2019 2020 2021 2022 2023
#ncov : number of covariates 
42
#nEatcovs : DEFUNCT 
1
#Eat_covs : DEFUNCT 
3
#COVAR_START ##############################################DO NOT REMOVE THIS LINE OR REC FIT WONT RUN!
# Winter_pH_depthavg : Winter_pH_depthavg
1.219613 1.806993 1.051054 1.194445 1.287147 0.7534825 1.015184 1.041665 0.7798474 0.7825982 0.9710347 1.005038 1.049848 0.9809631 0.8378454 0.6026546 0.710837 0.4873025 0.8154768 0.4673248 -0.05035421 -0.5299256 -0.364192 0.2140086 -0.06394616 0.08384134 -0.2973938 -0.2633523 -0.8908 -1.232127 -1.321484 -0.7353311 -0.7906147 -0.5737768 -1.819837 -1.610147 -1.1436 -1.204384 -0.6527155 -1.362938 -1.789879 -1.230703 -1.230703 -4.944617e-15 -4.944617e-15
# Spring_vNorth_surface5m : Spring_vNorth_surface5m
0.7458051 0.2703693 -0.2173069 0.8561104 0.6784103 -0.3671662 -0.5652016 0.3072696 -1.535025 0.01546465 0.3020541 -0.3545536 -0.4209415 1.44173 -0.508542 -2.012364 -0.4540533 -0.3311842 1.029366 -0.4102962 -1.043534 0.3581834 -1.907944 0.728327 0.7907438 1.384742 0.8623464 -2.221714 -1.914926 -0.08737123 0.8289679 -0.2724295 0.3188542 -1.534401 -0.04876093 -0.5358126 -0.6462 0.2714776 0.7292041 1.246877 0.8567047 1.835063 1.531657 1.316171e-17 1.316171e-17
# Spring_uEast_surface5m : Spring_uEast_surface5m
1.775425 -0.009910092 0.395381 1.046767 -0.5177769 -1.225278 0.333084 -0.6184259 -0.330913 0.1342117 1.084448 0.204218 -1.183326 -0.6779374 -1.855541 -1.372726 -0.7776183 0.4020063 0.06530797 2.564155 1.303037 -0.6753425 1.171968 1.092941 2.01599 0.6237024 -1.679844 0.341184 -1.35232 0.3861879 0.0760271 0.01688047 -0.1302053 -0.4780587 -0.7557943 0.03518664 1.520159 0.0107328 0.01808544 -0.6949843 -1.378985 -0.03072227 -0.8713757 9.640827e-17 9.640827e-17
# Winter_temp_surface5m : Winter_temp_surface5m
1.882301 0.2479667 0.9799114 0.790256 0.4274515 0.6790819 1.548986 0.286071 0.9746183 0.5775979 0.07881094 -0.2918862 -0.6916531 -0.2792023 -0.1137538 0.6471747 -0.2818041 -0.0413291 -0.4998609 -0.6786891 -0.6488993 -1.564545 1.27597 -0.9813352 0.9932771 0.6086882 0.6827589 -0.8766517 -0.9784555 -1.71154 -1.68846 -0.813812 -0.8442204 -1.885467 -1.63409 -0.1868211 1.554979 2.030829 0.8064659 0.589384 0.4889409 -1.029281 -0.4297615 -9.099104e-17 -9.099104e-17
# Spring_temp_surface5m : Spring_temp_surface5m
1.385021 0.7665894 1.821616 -0.5190491 1.075104 -0.07087139 -0.772125 -0.4411991 0.375959 -0.8969163 0.1069746 0.367917 -0.1825663 -0.3237728 0.9743802 -0.3527748 -0.4897474 0.533403 0.2729431 -0.4791063 -1.285089 -0.5199257 -0.2132365 0.6044672 1.093865 0.9135708 0.3379206 -0.9707762 -1.356183 -1.673779 -1.169257 -1.670568 -1.237681 -2.200757 -0.9853175 0.8115316 0.3637451 1.751953 0.1786617 0.6282983 2.260963 0.7815744 0.4042396 1.563268e-18 1.563268e-18
# Summer_temp_surface5m : Summer_temp_surface5m
0.4275773 0.1409332 0.719505 -0.7887718 0.6646974 0.3827785 -0.4394893 -0.7607278 0.5228232 -0.1401429 0.4302312 -0.2372032 0.3458442 -0.8568958 0.4978948 -0.4061627 -0.1119072 -0.6636971 0.2005107 -1.167971 -1.496194 -0.7834096 -0.6780852 0.6008725 1.102656 1.914859 1.033135 -0.6117911 -0.1774488 -1.00376 -1.31382 -0.7429962 -1.848014 -2.216452 -0.7549233 2.148154 0.4943387 2.271505 0.01004038 0.2443511 1.891396 0.6764565 0.4793037 -9.826811e-16 -9.826811e-16
# Fall_temp_surface5m : Fall_temp_surface5m
0.9312036 0.6243549 0.5379915 0.2803322 0.6225885 0.6049158 0.02826859 0.7045512 -0.04929223 0.1570301 -0.07596504 -0.3432239 0.2748794 -1.10532 1.010678 -0.6316859 -0.4459815 -0.1606129 -0.6184674 -0.76403 -1.748806 0.3479739 -1.208558 0.8824866 1.015921 -0.1000235 -0.3238108 -0.2734026 -1.475399 -1.700172 -1.065063 -0.6024317 -0.6860551 -2.537368 -0.261471 1.312886 1.244055 2.280841 0.51961 1.40202 1.953093 0.4688351 -1.027376 -5.262768e-16 -5.262768e-16
# Winter_temp_bottom5m : Winter_temp_bottom5m
1.658315 -0.2485099 0.6537772 0.335438 -0.01625577 0.3822734 1.325591 9.585432e-06 0.7795787 0.2816995 -0.3548897 -0.7208238 -1.163266 -0.6993634 -0.6514794 0.3734467 -0.6694557 -0.03637351 -0.5309874 -0.5702953 -0.7329612 -1.531129 1.573528 -1.1031 1.30935 0.5606277 1.007302 -0.5231845 -0.6031499 -1.602915 -1.272129 -0.7093372 -0.7687664 -1.992093 -0.6788476 0.8174604 1.664423 2.489873 0.7143493 1.153112 1.003566 -0.5042336 -0.4001759 8.300639e-17 8.300639e-17
# Spring_temp_bottom5m : Spring_temp_bottom5m
2.204508 1.109111 1.652649 0.1600923 0.9533543 -0.5495663 -0.6595788 -0.5923965 1.024557 -0.4742802 0.6767094 0.1200647 -0.1939262 -1.124714 1.048094 -0.1792873 -0.9581417 0.3835516 -0.6073699 0.7382653 -1.245374 -0.4391676 0.09538644 0.2383038 0.9666825 0.3189474 0.3933573 -0.5930914 -1.289016 -1.522247 -1.493845 -1.270094 -1.19423 -1.928743 -0.9947417 0.6902511 0.3725763 1.918372 -0.4672375 1.228655 1.540077 -0.3485599 0.2920419 4.035249e-17 4.035249e-17
# Summer_temp_bottom5m : Summer_temp_bottom5m
2.199034 1.258359 1.389385 0.8712719 0.8089688 -0.9639733 -0.2224089 -0.4809 1.189194 0.1193176 0.765561 0.4047102 -0.1842668 -1.12184 1.200898 0.07616609 -1.071842 0.3459995 -0.6022425 0.6643281 -1.275309 -0.4652864 -0.06454769 0.2426024 0.8924411 0.2607327 0.3854307 -0.8224109 -1.578266 -1.530471 -1.523642 -1.412949 -0.870681 -2.117939 -1.096928 0.4308137 0.409141 1.578249 -0.4082949 1.068781 1.075477 -0.37691 0.5542458 1.13584e-16 1.13584e-16
# Fall_temp_bottom5m : Fall_temp_bottom5m
1.516733 1.254261 0.8384918 0.8222742 1.191795 -0.1481738 0.5281294 0.3909119 0.7862017 0.1295604 0.3498821 0.1669953 0.1095411 -1.219814 1.377593 -0.4031034 -1.213707 -0.1671148 -0.8558811 0.3437526 -1.561879 0.1122013 -0.4798576 0.6072156 0.9403074 0.1372918 0.00693129 -0.6915813 -1.386711 -1.762173 -1.667584 -0.8579408 -1.037453 -2.497577 -0.6565679 0.9275115 0.9278081 1.886032 0.122086 0.8428597 1.344261 -0.4802168 -0.5732919 2.078794e-16 2.078794e-16
# annual_temp_surface5m : annual_temp_surface5m
1.4694 0.4862123 1.18771 -0.2102014 0.9271498 0.5037942 -0.07529115 -0.1886604 0.4714734 -0.2244909 0.1116386 0.1043729 -0.09298302 -0.7325402 0.6790148 -0.2916228 -0.4379657 -0.08792736 -0.1511962 -0.9153457 -1.535656 -0.7414171 -0.1183855 0.3442445 1.169248 0.9906226 0.4787794 -0.7446429 -0.9117853 -1.759801 -1.515619 -1.197303 -1.412041 -2.428468 -1.0686 1.186055 0.9223467 2.31614 0.332472 0.97615 1.950999 0.3170779 -0.08295749 -1.581167e-16 -1.581167e-16
# annual_temp_bottom5m : annual_temp_bottom5m
2.15787 0.9581921 1.266051 0.5816596 0.8308513 -0.4034068 0.1563881 -0.2383508 1.031649 -0.02036893 0.4539567 0.1091652 -0.3629577 -1.172661 0.8605537 -0.05427678 -1.053408 0.143379 -0.7071805 0.3688935 -1.323496 -0.5682833 0.2734092 0.03298567 1.083011 0.3275642 0.4579094 -0.6988987 -1.320868 -1.732443 -1.622992 -1.19447 -1.064669 -2.2801 -0.959051 0.7439638 0.8088159 2.08031 -0.05368733 1.221951 1.31654 -0.4623303 0.02882971 1.069577e-16 1.069577e-16
# Winter_NE_winds : Winter_NE_winds
0.6828551 -0.09983975 -0.3351652 1.089638 -1.506622 -2.362374 -0.001830164 -1.731207 -0.1230552 -0.9873899 1.932279 0.05697436 -0.309567 -1.009293 0.7976872 -0.7866716 -0.6282896 0.9204322 -0.6934058 -0.3257422 0.2219361 0.747702 0.6148285 0.546766 -0.7470466 -0.06471694 0.4644487 0.6895902 -0.04527257 -0.782641 0.2639445 -1.493678 1.095911 -0.7525019 -0.01790104 -0.4104368 -0.9944636 -0.6275068 0.2688559 1.843927 2.707821 0.9147622 0.9762567 -9.864979e-17 -9.864979e-17
# Spring_NE_winds : Spring_NE_winds
1.69315 0.1972087 0.08845059 1.311708 0.1806338 -1.057436 -0.2131447 -0.1629076 -1.366458 0.09719355 0.9186501 -0.13672 -1.071174 0.6531447 -1.565615 -2.389881 -0.8374845 0.006950417 0.8165054 1.325643 0.04507 -0.1608624 -0.6891803 1.244949 1.880325 1.439966 -0.4216556 -1.454954 -2.303524 0.1804021 0.6724848 -0.1943164 0.1570254 -1.459785 -0.5184811 -0.380914 0.4825738 0.2112016 0.5604512 0.4955984 -0.2341219 1.361796 0.5975334 -3.759786e-17 -3.759786e-17
# Summer_NE_winds : Summer_NE_winds
0.5877699 -0.9672046 -0.8762933 0.002583913 -0.03399566 -0.3688211 0.905748 1.931379 0.1639119 -0.1651386 1.375024 1.584146 -1.338496 -0.2232948 0.4533697 0.8443427 -0.5436569 -0.3958365 -0.989906 -0.56544 1.21328 0.488938 -0.7488617 -0.6027249 -0.9577798 0.4365453 0.6129486 -0.8873089 0.9913856 -2.045965 -0.6659798 1.232382 -1.192933 -0.3354724 -0.6260859 -0.8633033 -0.4868738 -0.6517675 -1.280501 1.403926 1.494145 -0.3344733 2.42629 2.54258e-17 2.54258e-17
# Fall_NE_winds : Fall_NE_winds
0.2308527 -0.5799247 -0.2506269 0.184783 0.6578399 1.233701 1.033387 -1.559324 0.156507 -1.527523 0.2200164 0.1085591 -0.4473199 -0.1196491 1.698047 0.5503642 -0.4942109 0.2037056 -1.843176 0.3936221 -1.955354 1.024167 -1.092386 -0.6350599 1.576461 0.4602768 -1.936612 -0.3445675 -0.09657282 -1.060249 -0.3391209 -1.035829 0.93813 -1.40883 0.5933507 1.197406 0.5398452 1.901817 1.326921 -0.929862 0.3568723 0.7333887 0.3361786 6.682657e-17 6.682657e-17
# annual_NE_winds : annual_NE_winds
1.346725 -0.6215772 -0.6140618 1.164015 -0.4802465 -1.290964 0.7160744 -1.093 -0.4212259 -1.317643 2.007644 0.7164078 -1.25462 -0.5201036 0.8618536 -0.7342204 -1.09469 0.4880664 -1.343641 0.2224436 -0.3141516 1.029935 -0.6354539 0.2261712 0.5600578 0.8120666 -0.5419613 -0.5897633 -0.4078773 -1.643024 -0.02461053 -0.9806209 0.6789073 -1.664883 -0.1585788 -0.154028 -0.3859355 0.3193268 0.5066172 1.360249 2.247883 1.205077 1.817362 -4.543564e-18 -4.543564e-18
# Summer_fracbelow1 : Summer_fracbelow1
-1.291206 -0.7847777 -0.8987053 -1.093571 -0.6629794 1.171681 -0.008312006 0.7853952 -0.6208033 -0.4832089 -1.203389 -0.2705732 0.3752505 1.61898 -0.5724687 0.5053583 0.8400677 -0.8223631 0.02747761 -1.014136 0.9995643 0.03957284 -0.3471355 -0.538739 -0.9934102 -0.2421818 -0.1012988 0.8524244 1.882779 1.113492 1.529895 1.446706 0.6706657 2.902212 0.8390969 -0.7872693 0.1371735 -0.6020838 0.1066077 -1.362474 -1.21319 -0.7283254 -1.201797 -1.233393e-16 -1.233393e-16
# Summer_fracbelow2 : Summer_fracbelow2
-1.493981 -1.001915 -0.9915186 -1.046078 -0.6939224 0.7188875 0.1932999 0.4121524 -0.7613702 -0.4809334 -1.217824 -0.4731156 -0.01741416 1.26497 -0.7513243 -0.02385238 1.217137 -0.5840466 0.8472027 -0.8552883 1.296061 0.2732919 -0.1373075 -0.3553266 -1.084446 -0.2459301 -0.4452159 0.7726779 1.694415 1.512064 1.890078 1.414651 0.6614891 2.314512 0.9974695 -0.6601631 -0.06131207 -0.8756566 0.249461 -1.607424 -1.235338 0.5264272 -1.155545 -1.139572e-16 -1.139572e-16
# Spring_PhL_integrated : Spring_PhL_integrated
-0.01629844 -0.9677464 0.655507 0.9630705 -0.7445964 0.8580086 -0.8350335 -0.3867643 -0.9183571 -0.2674842 -1.755308 -0.225286 -0.7231747 -1.205917 -0.428017 -1.701874 -0.9349417 -1.527894 1.453456 -0.0732739 0.4554325 0.3810735 -1.524655 1.622302 -0.5369216 -0.3120421 -1.360728 -0.4338075 0.6840605 1.661695 -0.3126596 -0.5372373 1.420786 -0.4107564 0.9123774 0.9785021 0.91472 -0.5308141 0.9000733 1.939742 0.5281864 1.088273 1.254321 3.699348e-16 3.699348e-16
# Spring_PhS_integrated : Spring_PhS_integrated
-0.02131407 0.121041 -0.2921326 0.7624721 -0.4564191 -0.9984473 -0.05788024 -0.06725061 1.37194 0.4341431 0.4962539 0.1460703 -0.5762994 0.8247724 0.479465 -0.9231503 -1.313382 1.344849 0.2664742 -0.2002712 -1.506204 1.271627 0.7198671 1.183463 0.6392772 0.2358989 1.763837 0.11644 -0.8620374 -1.795637 -1.529178 -1.122452 -2.503013 -1.348031 -0.7427868 0.5003248 0.463428 0.834976 -0.9260608 0.1530937 1.251956 -0.07238221 1.932661 3.10866e-16 3.10866e-16
# Winter_oxygen_bottom5m : Winter_oxygen_bottom5m
0.6437393 0.9111067 0.7550679 1.087081 1.099103 0.5085118 0.3953392 0.8941966 0.4664516 0.7849156 1.292561 0.9678225 1.323154 1.069621 1.498029 0.5761385 1.327512 0.2218434 0.6619012 0.1470204 -0.0005790559 0.1926803 -1.130434 0.5864394 -1.136505 0.02497762 -0.8770755 -0.2298467 -0.4353085 -0.2593957 -0.8082578 0.006974165 -0.09067564 0.3514907 -1.876699 -2.328083 -1.008902 -1.304169 -0.1750158 -1.979045 -1.690597 -1.231546 -1.231546 1.156672e-15 1.156672e-15
# Spring_oxygen_bottom5m : Spring_oxygen_bottom5m
-0.7169631 -0.2378426 -0.2011236 1.5024 -0.277236 0.877881 1.21259 0.9533514 -0.09720499 0.5188614 1.049807 0.7779064 0.6615719 1.10869 -0.05485832 0.5650682 1.308517 0.2205519 1.091639 -1.150333 0.7453417 0.6150103 0.1981072 -0.3218907 -1.04332 0.1048843 -0.05402166 0.1238775 0.6006862 -0.12137 -0.1418395 0.01991275 1.120904 0.6215742 -1.11413 -2.620215 -0.2384865 -1.826269 0.7811859 -2.595613 -1.725664 -1.120969 -1.120969 2.099474e-15 2.099474e-15
# Summer_oxygen_bottom5m : Summer_oxygen_bottom5m
-1.206323 0.1656619 -0.4732373 0.5809853 0.2232235 1.382748 1.585758 0.9743062 -0.1674609 0.7677408 0.8732533 0.7152146 0.9027263 1.414038 -0.4303132 0.8583877 1.550911 -0.1576041 1.03177 -1.583965 1.01786 0.3033509 0.2372908 -0.8285195 -1.501094 -0.1246154 -0.3341127 0.3156382 0.5840271 -0.2248318 0.4419731 0.5040937 0.3183608 0.732552 -0.742508 -2.117028 -0.7314578 -1.740345 0.6249523 -2.145627 -1.429136 -1.084323 -1.084323 1.152361e-15 1.152361e-15
# Fall_oxygen_bottom5m : Fall_oxygen_bottom5m
0.6010935 0.6742863 0.902883 1.03602 0.1346424 0.7504081 1.372216 0.5828128 0.8261001 1.110485 1.844114 1.416653 0.9667557 1.961371 0.2481029 1.322033 1.113533 0.4024229 0.6556355 -1.586202 -0.1171367 -0.5680158 0.1052571 -1.022111 -0.8897985 -0.4563059 -0.1610495 -0.8873975 -0.7378832 -0.6453359 0.1165298 -0.7474321 0.007716215 -0.1600333 -0.9809257 -1.376752 -0.8282063 -0.8560258 0.002836524 -2.004406 -1.896121 -1.116384 -1.116384 -7.527036e-16 -7.527036e-16
# Winter_Cop_integrated : Winter_Cop_integrated
-0.1516352 -0.6144342 -0.8042225 -0.67514 -0.7504251 -0.7859919 -0.6319755 -0.8070501 -0.003384388 -0.7874392 -0.6719518 -0.7880964 -0.678865 -0.744163 -0.2927158 -0.3404486 -0.6560224 0.1921765 -0.2023904 -0.6803263 -0.1763549 -0.09377957 -0.4582839 -0.2694406 1.09791 -0.1645639 0.03408147 -0.5901414 1.056486 4.764839 -0.1011625 -0.09085978 -0.552757 0.2076755 0.7904848 1.229503 -0.148364 0.2843262 -0.02679968 -0.2436164 1.037069 1.180886 2.107364 -3.176965e-17 -3.176965e-17
# Spring_Cop_integrated : Spring_Cop_integrated
0.8364299 0.1322761 0.6020576 0.5187992 -0.1222546 -0.4520411 0.001920794 -0.3516213 0.3482989 -1.213397 -0.1120585 -0.4835318 -0.4612908 -0.6583651 0.1678267 -1.368483 -1.452952 0.7674648 0.6921989 -0.4565585 -1.281099 0.2131964 -0.3022727 0.687259 0.7277917 0.3208748 -0.1725529 -0.6392363 -1.085446 -1.409446 -0.7406933 -0.6421766 -2.283975 -1.475001 0.9347256 1.586386 0.1668441 0.3089203 0.8602775 1.795149 2.628738 1.672762 1.194255 -3.180494e-17 -3.180494e-17
# Summer_Cop_integrated : Summer_Cop_integrated
-1.429201 0.001118507 -0.7053827 0.2619213 0.3960863 0.639823 0.4060876 0.8079183 -0.4900227 -0.009031375 -0.2984716 -0.8150237 -1.208079 -0.2373836 -1.514738 1.412427 0.1414298 -2.358499 -0.4033166 1.232478 0.7956284 1.022004 -0.1216089 -0.2355285 -1.337396 0.3382824 -0.002131995 0.7396556 1.797027 1.224136 1.436805 1.230782 1.718483 1.352671 0.1033226 -0.349272 -1.15356 -1.639858 -0.1265152 -0.5064335 -1.612489 0.2067223 -0.7108669 -3.102255e-16 -3.102255e-16
# Fall_Cop_integrated : Fall_Cop_integrated
0.1195438 0.4847929 -1.478882 0.5590064 1.872973 -1.218879 -0.8123365 -0.1799089 -0.2139906 -0.1523506 -1.078261 -0.6217991 0.05879127 -0.9904875 -0.322736 0.9853754 -0.2570606 -0.856081 -0.4732505 1.582097 -0.5454768 0.8093283 -0.1623216 -0.8070861 -1.023295 -1.453361 -0.4193751 1.477156 2.890476 -0.04131851 0.7706398 1.347707 0.8135119 1.838698 0.1361374 0.1470868 -0.2668627 -0.6098056 0.1535892 -1.800446 -1.101528 0.4766572 0.3633311 1.011876e-16 1.011876e-16
# Winter_EupS_integrated : Winter_EupS_integrated
-0.2923583 -0.5874337 -0.6663421 -0.6159137 -0.6651889 -0.634059 -0.5589509 -0.6810735 -0.209071 -0.6738704 -0.6175756 -0.6992246 -0.5991861 -0.6455289 -0.3569363 -0.3243831 -0.5793136 0.07044612 -0.2442753 -0.5578247 0.0889118 0.03746205 -0.3604992 -0.2808261 0.704521 -0.2202768 -0.02572168 -0.4236099 1.364727 5.402881 -0.01532433 0.1391474 -0.2832367 0.1207289 0.7393678 1.213899 -0.2820685 0.062061 -0.1503307 -0.2460782 0.5168144 0.619374 1.41614 -2.115959e-17 -2.115959e-17
# Spring_EupS_integrated : Spring_EupS_integrated
0.7044479 0.009202394 0.3214204 0.3777627 -0.3323937 -0.5189253 -0.01836948 -0.4531221 0.3115519 -1.271868 -0.2467038 -0.5945217 -0.4497293 -0.7671735 0.04872104 -1.244357 -1.518977 0.8457488 0.733378 -0.5033679 -1.169876 0.2841194 -0.2366387 0.6837146 0.7579359 0.3372108 -0.0441181 -0.546768 -0.9445937 -1.256023 -0.5127561 -0.6253331 -2.415807 -1.214022 1.164885 1.562047 0.07739859 0.1727856 0.8883086 1.729325 2.636699 1.842208 1.396575 1.168467e-16 1.168467e-16
# Summer_EupS_integrated : Summer_EupS_integrated
-1.56807 -0.1931043 -0.7383503 0.1226656 0.3321708 0.7482913 0.4211812 0.738881 -0.5803915 -0.06362086 -0.291547 -0.8115827 -1.005727 -0.1585559 -1.568507 1.072934 0.3127783 -2.262491 -0.1646421 1.077993 0.8840599 0.9721739 -0.07634508 -0.2733334 -1.354161 0.2339723 -0.1439836 0.8182708 1.902293 1.314017 1.374553 1.345105 1.710291 1.515691 0.2234096 -0.3008665 -1.012573 -1.682514 -0.01811002 -0.632147 -1.623229 0.1843732 -0.7812526 -8.79767e-16 -8.79767e-16
# Fall_EupS_integrated : Fall_EupS_integrated
-0.04046524 0.4170992 -1.458279 0.4864278 1.75689 -1.186672 -0.7910442 -0.1955973 -0.2673873 -0.2339569 -1.125606 -0.6486987 -0.01877781 -0.9196015 -0.4005696 0.9322109 -0.1726356 -0.8293897 -0.432824 1.550973 -0.3895601 0.7567653 -0.0919432 -0.8083555 -1.034489 -1.412414 -0.3768294 1.442285 2.873672 0.1057813 0.9313377 1.402774 0.8855978 1.991641 0.1817552 0.1602033 -0.310998 -0.7058405 0.1406014 -1.811314 -1.178859 0.4624603 0.3636317 -5.691935e-17 -5.691935e-17
# Winter_NCaS_integrated : Winter_NCaS_integrated
0.2802685 -0.5964534 -1.166117 -0.8231487 -0.9742587 -1.208311 -0.8765514 -1.186135 0.517666 -1.084856 -0.7926548 -0.9397076 -0.8230257 -1.028728 0.04629735 -0.1608743 -0.6456989 0.6511293 -0.007586792 -0.9460083 -0.725564 -0.232256 -0.6785609 0.09909927 1.934588 0.155246 0.3688855 -1.021652 1.368173 1.394038 0.03969261 -0.1000828 -1.204902 0.6488116 1.38783 0.372775 0.179809 0.8878654 0.393688 -0.1201212 2.014625 2.327434 2.275333 6.726088e-17 6.726088e-17
# Spring_NCaS_integrated : Spring_NCaS_integrated
0.8723383 0.2722635 0.4904937 0.01515187 -0.2180157 -0.4007303 -0.4510757 -0.507135 0.2803758 -1.367403 -0.2388316 -0.4092613 -0.4147093 -0.6238254 0.2438468 -1.08425 -1.534762 0.8460554 0.5359948 -0.5237619 -1.154809 0.1359239 -0.6487159 0.6349652 0.9169072 0.1988462 -0.04564105 -0.9433076 -0.9672206 -1.168224 -0.4644984 -0.63615 -2.241435 -1.079894 1.328775 1.70464 0.02424447 0.2991683 0.9169315 1.84309 2.680195 1.734049 1.149401 1.008964e-16 1.008964e-16
# Summer_NCaS_integrated : Summer_NCaS_integrated
-0.8113235 -1.082973 -0.7223233 -0.1210725 0.161317 1.065284 -0.5793948 -0.6908776 -1.010962 0.116771 -0.3962799 -0.7795483 -2.108891 -0.3675463 -1.288904 0.5330664 0.9971494 -2.459113 -0.3285607 0.1388972 0.8816745 0.9969174 0.9034067 -0.4730196 -1.250307 0.06705551 0.189484 1.696088 1.835704 0.2884849 1.124313 1.235547 1.741753 1.600672 -0.07413641 -0.268088 0.1305241 -0.7684511 0.8215346 0.388577 -1.521003 0.3235175 -0.1349646 1.262317e-16 1.262317e-16
# Fall_NCaS_integrated : Fall_NCaS_integrated
0.5328028 0.8931105 -0.02073836 0.8282039 1.240576 -1.583129 -0.7744694 -1.399357 -0.434881 -0.4383137 -1.782566 -1.144458 -1.23202 -1.584786 0.9496966 1.119189 -0.4680547 -0.6170956 -0.3644006 0.3895177 -0.3897049 0.3143068 1.264856 -0.7883788 -0.9163297 -0.9504587 0.2955834 1.251531 1.020147 0.1071129 1.195025 0.8763686 1.291147 1.024522 0.2687231 1.678131 -0.08140764 -0.2944699 0.3343958 -2.304936 -0.9801256 0.8869958 0.7881405 -2.605842e-16 -2.605842e-16
# Winter_largeZoop_integrated : Winter_largeZoop_integrated
-0.1627277 -0.6348731 -0.8501416 -0.7181688 -0.7982624 -0.8351587 -0.6861432 -0.8674064 -0.0321333 -0.8346712 -0.7114198 -0.8166962 -0.7045675 -0.7967783 -0.2772362 -0.3058406 -0.6413626 0.2300358 -0.2001588 -0.7036725 -0.1205369 -0.03128316 -0.4725967 -0.2014789 1.085161 -0.1374557 0.07708537 -0.6148894 1.47029 4.752713 -0.00189084 0.08629484 -0.5496836 0.2702073 0.9682478 1.083639 -0.1810559 0.2860943 -0.01740572 -0.2315023 0.9541548 1.120406 1.752869 1.022176e-17 1.022176e-17
# Spring_largeZoop_integrated : Spring_largeZoop_integrated
0.7899855 0.1393066 0.4061707 0.1998221 -0.27703 -0.4623425 -0.232388 -0.4814523 0.2972529 -1.323662 -0.2436952 -0.5050491 -0.4340247 -0.6990431 0.145376 -1.16965 -1.532224 0.8489304 0.6384087 -0.5152551 -1.166618 0.2118616 -0.4412391 0.6620598 0.8392551 0.2700041 -0.04502918 -0.7447969 -0.9591657 -1.21711 -0.4907319 -0.6329218 -2.338243 -1.152051 1.250094 1.638149 0.05139368 0.2358949 0.9056437 1.791772 2.667651 1.795328 1.279362 3.82799e-17 3.82799e-17
# Summer_largeZoop_integrated : Summer_largeZoop_integrated
-1.41479 -0.4489548 -0.7612761 0.05910325 0.2967528 0.8646522 0.1571922 0.3667442 -0.7222609 -0.0155698 -0.3316369 -0.8327532 -1.351347 -0.2228454 -1.548586 0.9618858 0.5156422 -2.401414 -0.2165618 0.8555637 0.9162062 1.015172 0.1946234 -0.339283 -1.375399 0.1960098 -0.05613667 1.093957 1.95429 1.076192 1.355639 1.364413 1.782563 1.595696 0.1485493 -0.3028732 -0.7307054 -1.489518 0.2158654 -0.3703577 -1.654909 0.2301018 -0.6296376 -1.931821e-16 -1.931821e-16
# Fall_largeZoop_integrated : Fall_largeZoop_integrated
0.04370989 0.5015639 -1.291063 0.5531172 1.736696 -1.284153 -0.8141455 -0.38142 -0.3010073 -0.2719931 -1.259957 -0.7435953 -0.2002984 -1.04852 -0.2121732 0.9902287 -0.2222682 -0.8245457 -0.4366133 1.427922 -0.4021753 0.7152524 0.1074046 -0.8315091 -1.050312 -1.389189 -0.2887442 1.460467 2.690182 0.1093996 1.000766 1.369627 0.9747011 1.911814 0.2005992 0.3917292 -0.2868164 -0.667317 0.1740446 -1.943477 -1.187334 0.5407156 0.4386881 3.547863e-17 3.547863e-17
#COVAR_END ##########################################################DO NOT REMOVE THIS LINE OR REC FIT WONT RUN!
# Summer_temp_bottom5m : Summer_temp_bottom5m
5.00712 4.29933 4.397918 4.008075 3.961196 2.627186 3.185159 2.990663 4.247289 3.442284 3.928535 3.657021 3.213858 2.508403 4.256095 3.409815 2.546022 3.612845 2.899362 3.852365 2.392928 3.002412 3.303938 3.535047 4.024003 3.548688 3.642515 2.733701 2.164975 2.200937 2.206075 2.289364 2.697381 1.75891 2.527147 3.676662 3.660355 4.540024 3.045293 4.156686 4.161725 3.068908 3.769536 3.352506 3.352506
# Summer_temp_surface5m : Summer_temp_surface5m
10.34631 10.0942 10.60307 9.276493 10.55487 10.30691 9.583699 9.301159 10.43009 9.846984 10.34865 9.761616 10.27443 9.216576 10.40816 9.613011 9.871818 9.3865 10.1466 8.942974 8.654291 9.281209 9.373845 10.49873 10.94007 11.65443 10.87892 9.432153 9.814172 9.087404 8.814695 9.316754 8.344854 8.0208 9.306264 11.85962 10.40503 11.96811 9.979075 10.18516 11.63379 10.56521 10.39181 9.970244 9.970244
########################################################### 
#overlap : pred overlap (2-6/0-6 area)   
# predator 1 ; prey  1
1 1 1 1 1 1 1 1 1 1 1 1 1 1 1 1 1 1 1 1 1 1 1 1 1 1 1 1 1 1 1 1 1 1 1 1 1 1 1 1 1 1 1 1 1
# predator 1 ; prey  2
1 1 1 1 1 1 1 1 1 1 1 1 1 1 1 1 1 1 1 1 1 1 1 1 1 1 1 1 1 1 1 1 1 1 1 1 1 1 1 1 1 1 1 1 1
# predator 1 ; prey  3
1 1 1 1 1 1 1 1 1 1 1 1 1 1 1 1 1 1 1 1 1 1 1 1 1 1 1 1 1 1 1 1 1 1 1 1 1 1 1 1 1 1 1 1 1
# predator 2 ; prey  1
1 1 1 1 1 1 1 1 1 1 1 1 1 1 1 1 1 1 1 1 1 1 1 1 1 1 1 1 1 1 1 1 1 1 1 1 1 1 1 1 1 1 1 1 1
# predator 2 ; prey  2
1 1 1 1 1 1 1 1 1 1 1 1 1 1 1 1 1 1 1 1 1 1 1 1 1 1 1 1 1 1 1 1 1 1 1 1 1 1 1 1 1 1 1 1 1
# predator 2 ; prey  3
1 1 1 1 1 1 1 1 1 1 1 1 1 1 1 1 1 1 1 1 1 1 1 1 1 1 1 1 1 1 1 1 1 1 1 1 1 1 1 1 1 1 1 1 1
# predator 3 ; prey  1
1 1 1 1 1 1 1 1 1 1 1 1 1 1 1 1 1 1 1 1 1 1 1 1 1 1 1 1 1 1 1 1 1 1 1 1 1 1 1 1 1 1 1 1 1
# predator 3 ; prey  2
1 1 1 1 1 1 1 1 1 1 1 1 1 1 1 1 1 1 1 1 1 1 1 1 1 1 1 1 1 1 1 1 1 1 1 1 1 1 1 1 1 1 1 1 1
# predator 3 ; prey  3
1 1 1 1 1 1 1 1 1 1 1 1 1 1 1 1 1 1 1 1 1 1 1 1 1 1 1 1 1 1 1 1 1 1 1 1 1 1 1 1 1 1 1 1 1
#testfile  
12345
